glBegin(GL_QUADS);
	glNormal3f(0.0000,1.0000,0.0000);
	glTexCoord2f(0.875000,0.500000);
	glVertex3f(-1.000000,1.000000,-1.540123);
	glNormal3f(0.0000,1.0000,0.0000);
	glTexCoord2f(0.625000,0.750000);
	glVertex3f(1.000000,1.000000,1.540123);
	glNormal3f(0.0000,1.0000,0.0000);
	glTexCoord2f(0.625000,0.500000);
	glVertex3f(1.000000,1.000000,-1.540123);
	glNormal3f(0.0000,0.0000,1.0000);
	glTexCoord2f(0.625000,0.750000);
	glVertex3f(1.000000,1.000000,1.540123);
	glNormal3f(0.0000,0.0000,1.0000);
	glTexCoord2f(0.375000,1.000000);
	glVertex3f(-1.000000,-1.000000,1.540123);
	glNormal3f(0.0000,0.0000,1.0000);
	glTexCoord2f(0.375000,0.750000);
	glVertex3f(1.000000,-1.000000,1.540123);
	glNormal3f(-1.0000,0.0000,0.0000);
	glTexCoord2f(0.625000,0.000000);
	glVertex3f(-1.000000,1.000000,1.540123);
	glNormal3f(-1.0000,0.0000,0.0000);
	glTexCoord2f(0.375000,0.250000);
	glVertex3f(-1.000000,-1.000000,-1.540123);
	glNormal3f(-1.0000,0.0000,0.0000);
	glTexCoord2f(0.375000,0.000000);
	glVertex3f(-1.000000,-1.000000,1.540123);
	glNormal3f(0.0000,-1.0000,0.0000);
	glTexCoord2f(0.375000,0.500000);
	glVertex3f(1.000000,-1.000000,-1.540123);
	glNormal3f(0.0000,-1.0000,0.0000);
	glTexCoord2f(0.125000,0.750000);
	glVertex3f(-1.000000,-1.000000,1.540123);
	glNormal3f(0.0000,-1.0000,0.0000);
	glTexCoord2f(0.125000,0.500000);
	glVertex3f(-1.000000,-1.000000,-1.540123);
	glNormal3f(1.0000,0.0000,0.0000);
	glTexCoord2f(0.625000,0.500000);
	glVertex3f(1.000000,1.000000,-1.540123);
	glNormal3f(1.0000,0.0000,0.0000);
	glTexCoord2f(0.375000,0.750000);
	glVertex3f(1.000000,-1.000000,1.540123);
	glNormal3f(1.0000,0.0000,0.0000);
	glTexCoord2f(0.375000,0.500000);
	glVertex3f(1.000000,-1.000000,-1.540123);
	glNormal3f(0.0000,0.0000,-1.0000);
	glTexCoord2f(0.625000,0.250000);
	glVertex3f(-1.000000,1.000000,-1.540123);
	glNormal3f(0.0000,0.0000,-1.0000);
	glTexCoord2f(0.375000,0.500000);
	glVertex3f(1.000000,-1.000000,-1.540123);
	glNormal3f(0.0000,0.0000,-1.0000);
	glTexCoord2f(0.375000,0.250000);
	glVertex3f(-1.000000,-1.000000,-1.540123);
	glNormal3f(0.0000,1.0000,0.0000);
	glTexCoord2f(0.875000,0.500000);
	glVertex3f(-1.000000,1.000000,-1.540123);
	glNormal3f(0.0000,1.0000,0.0000);
	glTexCoord2f(0.875000,0.750000);
	glVertex3f(-1.000000,1.000000,1.540123);
	glNormal3f(0.0000,1.0000,0.0000);
	glTexCoord2f(0.625000,0.750000);
	glVertex3f(1.000000,1.000000,1.540123);
	glNormal3f(0.0000,0.0000,1.0000);
	glTexCoord2f(0.625000,0.750000);
	glVertex3f(1.000000,1.000000,1.540123);
	glNormal3f(0.0000,0.0000,1.0000);
	glTexCoord2f(0.625000,1.000000);
	glVertex3f(-1.000000,1.000000,1.540123);
	glNormal3f(0.0000,0.0000,1.0000);
	glTexCoord2f(0.375000,1.000000);
	glVertex3f(-1.000000,-1.000000,1.540123);
	glNormal3f(-1.0000,0.0000,0.0000);
	glTexCoord2f(0.625000,0.000000);
	glVertex3f(-1.000000,1.000000,1.540123);
	glNormal3f(-1.0000,0.0000,0.0000);
	glTexCoord2f(0.625000,0.250000);
	glVertex3f(-1.000000,1.000000,-1.540123);
	glNormal3f(-1.0000,0.0000,0.0000);
	glTexCoord2f(0.375000,0.250000);
	glVertex3f(-1.000000,-1.000000,-1.540123);
	glNormal3f(0.0000,-1.0000,0.0000);
	glTexCoord2f(0.375000,0.500000);
	glVertex3f(1.000000,-1.000000,-1.540123);
	glNormal3f(0.0000,-1.0000,0.0000);
	glTexCoord2f(0.375000,0.750000);
	glVertex3f(1.000000,-1.000000,1.540123);
	glNormal3f(0.0000,-1.0000,0.0000);
	glTexCoord2f(0.125000,0.750000);
	glVertex3f(-1.000000,-1.000000,1.540123);
	glNormal3f(1.0000,0.0000,0.0000);
	glTexCoord2f(0.625000,0.500000);
	glVertex3f(1.000000,1.000000,-1.540123);
	glNormal3f(1.0000,0.0000,0.0000);
	glTexCoord2f(0.625000,0.750000);
	glVertex3f(1.000000,1.000000,1.540123);
	glNormal3f(1.0000,0.0000,0.0000);
	glTexCoord2f(0.375000,0.750000);
	glVertex3f(1.000000,-1.000000,1.540123);
	glNormal3f(0.0000,0.0000,-1.0000);
	glTexCoord2f(0.625000,0.250000);
	glVertex3f(-1.000000,1.000000,-1.540123);
	glNormal3f(0.0000,0.0000,-1.0000);
	glTexCoord2f(0.625000,0.500000);
	glVertex3f(1.000000,1.000000,-1.540123);
	glNormal3f(0.0000,0.0000,-1.0000);
	glTexCoord2f(0.375000,0.500000);
	glVertex3f(1.000000,-1.000000,-1.540123);
glEnd();
